Obliczenie współczynmików A i C
x1 = 230 y1 = 0.7269044192726427
x2 = 6200 y2 = 0.4668444025756253
C = -0.13441672738453134
A = 1.5098473319833845
