Start: 0.97
Rozbieg: 0.985
Wznosznie1: 0.9990405099639035
Dolot: 0.9878981011411218
Wznosznie2: 0.9931536022741435
Patrolowanie: 0.7776513038948719
Opadanie1: 0.9931536022741435
Powrot: 0.9926279766813249
Opadanie2: 0.9942974722289151
Oczekiwanie: 0.9987434049237115
Ladowanie: 0.995
Masa obliczona 880.9646310548405 
Masa założona: 881  -0.03536894515946187
weight_ratio: 0.308019324334373
Masa do lądowania: 24.9952596805824